2754
1982
90
9427
8925
1082
3771
1662
1975
7750
6440
170
6057
1781
4245
1972
991
4107
3662
4346
51
4757
1169
5912
4904
2044
7746
8542
4282
7911
1356
7139
9942
479
6422
5527
733
3759
531
5830
3196
6211
5026
5539
4997
4382
8030
1229
5724
5206
5501
333
8106
710
8390
2757
1536
1849
1692
2221
8943
4002
4261
3166
7517
5232
6599
2834
3557
9859
7543
9703
1825
4107
9748
8817
153
7631
8166
1783
799
4587
5363
4205
1050
568
2425
6121
6915
7208
4467
1694
5400
4562
5287
2813
2832
2441
6619
7530
8946
5838
3580
8351
9071
6270
9418
7254
9624
439
9484
4028
5355
9929
6450
2023
285
865
6234
728
8160
401
6851
7731
2332
7711
444
3563
9512
778
2129
1666
6556
6650
7978
2349
4566
2096
8430
3914
9975
3632
2773
6385
8010
720
4901
3257
9936
3629
535
4512
1832
7918
1313
9773
9305
793
1708
3940
9493
689
619
8874
9006
363
650
3808
4030
5470
4591
4010
6707
5196
415
1956
153
8816
3230
7754
2951
2248
5062
5890
2852
1651
1076
3514
8505
6872
3901
1412
7563
6203
6116
2581
9228
5279
4593
4895
9436
7206
9436
3741
7245
8024
4519
7675
1734
1494
6279
5196
9712
9843
2327
3538
5912
2566
1690
995
8962
3726
4078
2791
8406
9235
6388
6717
325
9554
898
8864
1678
9971
1050
1635
6409
152
7555
5955
9556
7014
9665
7070
9131
132
3877
8667
9399
6889
5110
3187
3281
5342
3410
7130
6140
6400
2635
8936
7920
3313
6259
3575
5736
5719
9397
2379
4396
7514
5494
8842
8062
2668
722
1121
2258
804
9056
9796
1802
4788
6262
5081
6871
5908
1572
1129
6361
8311
1692
6322
5016
3275
2986
7526
8342
5627
4135
3165
7258
9176
3435
4663
2633
5344
1957
8324
8381
9388
6266
29
637
1553
2118
3276
9671
6307
3623
7030
679
1393
722
3603
9340
9868
1510
8372
8145
2521
4942
2522
9880
5089
3744
7178
5373
4579
6989
2343
3635
1616
6722
6832
3855
1279
3268
6068
383
3115
9397
3023
3765
2184
4412
3868
3206
6852
5397
3957
8379
5808
4339
1657
1459
6326
6691
7228
3404
8115
9001
1492
2100
2302
717
4306
3764
3046
7992
6034
3193
91
5380
6139
2889
4146
4678
1776
5862
3431
8855
5834
2029
8911
3009
8291
3482
7829
3580
6888
9651
9959
1686
3203
9405
8701
6377
7962
3440
9603
8833
5123
7009
2171
9103
7659
9958
6967
2852
9269
8348
8881
6746
5292
9495
9201
7622
2999
206
3656
2386
6117
6143
934
2695
983
8837
6386
926
2000
5649
8548
1668
2245
7181
1968
6020
1007
6066
8374
4389
3787
845
9663
7094
1883
8759
423
1155
8045
1634
4718
5889
1906
9795
1744
9581
3883
9938
7611
4442
9080
4257
6008
7281
3355
9736
8758
8898
2154
8523
8432
6055
8980
2532
9044
6094
4445
8051
7633
5718
8725
8997
9033
2312
9932
702
8521
8251
8454
9612
2187
6115
2599
8149
2824
5436
4045
8102
9979
9695
2519
407
6357
5633
7919
3940
9218
5625
4630
1016
4628
7871
7197
2728
4459
8450
8704
2931
890
3911
3216
5728
844
3014
1469
7647
3233
1448
4628
2337
5227
3954
4367
2598
9821
4114
8812
1801
5921
3258
2926
4379
3877
6452
8827
2944
3947
5310
6219
7812
2521
4513
5619
3222
1105
1339
7389
3420
6045
5255
7729
862
2742
7680
8712
8322
6755
397
3216
6406
5553
4764
7186
8110
8953
2893
1021
2425
3282
6243
9107
9727
4184
6701
1503
2703
5653
185
4619
7906
8328
2992
8372
4684
8412
6729
5714
192
9661
8485
6748
1459
4799
9126
3651
8093
9466
4050
4567
2088
1325
7579
4285
4404
9312
4262
7065
1555
3201
7801
2263
9226
1590
1063
6566
4127
7261
8689
7583
9746
2415
7184
2298
6424
2742
6048
476
1290
8492
7516
7469
8970
2761
1764
3105
9704
2054
9071
3320
7540
1861
350
9035
7598
461
2711
2397
8061
7445
7270
3976
9493
9575
2299
5747
1386
5488
5967
3756
3406
2507
9453
1288
6706
3341
2992
8005
8917
7828
4537
3064
4903
5011
3167
540
4257
3869
7091
3611
5629
6746
9185
9902
7450
8189
1332
4172
4403
3284
2558
6050
9056
3816
4906
9980
8505
7626
5339
1663
6548
6384
1552
337
2974
9670
4521
9049
2866
8731
847
5705
476
1564
3533
6118
4185
2096
677
6565
1353
134
7747
7408
4434
5490
629
1232
2632
9232
3402
8641
6613
7358
6939
2384
7274
7361
1873
5772
3438
6127
2176
4515
7479
8417
3691
2029
2356
8742
5321
7043
8298
5922
9222
8896
2473
8791
410
298
381
3574
5430
9539
3425
8329
4397
4123
3116
7481
639
5637
8746
9985
7407
1303
1974
7928
1691
1093
8756
8477
1037
563
6329
1029
438
8620
516
3107
2887
6343
6561
3108
8961
7647
4888
5372
7950
5102
1708
3173
5444
4560
3243
8262
70
344
1483
1324
5109
8719
8850
6368
9087
1131
8923
3452
3133
253
480
8384
1874
1277
2468
5080
8956
8091
8288
6121
7894
8965
8759
9696
3887
9226
4478
6626
2470
9015
9948
9429
6448
2665
3816
6504
3413
2520
1797
8424
2333
4059
1524
56
9184
1091
1368
1765
8431
9488
8584
5321
9243
5416
5582
5287
2799
9362
7007
4635
9758
383
4453
4155
5024
5941
89
8801
339
1480
5260
534
3863
422
5209
6479
9950
9700
6471
3213
1597
8092
9197
2887
2677
4678
2696
4539
7003
2512
8818
4424
6503
8293
4456
2504
1350
2211
1402
8311
763
3449
9067
8344
4356
5866
3173
8861
446
5275
1416
2496
9492
4449
5304
4460
7992
4460
5930
4264
572
1312
238
1881
5765
4955
3517
3051
4023
3688
3322
7027
4862
770
9772
1509
3767
1582
7291
3692
8412
9087
3242
3447
8115
2543
9626
4461
42
9416
5029
1865
591
3268
5354
334
670
1033
3527
4949
9103
1540
298
8191
9283
3402
585
397
378
4458
2340
7680
5873
6840
7872
909
9062
1449
722
1653
7190
3113
4752
6204
3416
3028
5929
6728
8475
8231
1435
9415
2004
8787
5196
3098
6841
2133
3719
8206
8307
598
1171
5178
4466
2511
8090
3473
2660
9483
3777
7192
2255
2488
8482
972
3434
7158
7816
307
7147
4384
8478
3730
1876
5704
1344
406
8719
4291
5249
5587
7524
1351
2369
8119
3256
4688
4018
8731
3603
852
3896
5190
5958
4814
4325
558
4322
1423
9874
3800
4435
1042
1908
7728
8490
7718
7070
7942
9163
1962
2465
7760
6355
1836
422
8446
9064
5408
6096
1012
9084
4805
1892
5763
2869
7166
3716
8417
2807
552
5386
7097
9436
3563
9224
2796
1623
5812
2747
7005
2680
2695
3722
4131
6493
1967
8387
3045
9286
1493
561
1630
9435
7282
2581
597
9856
8375
2520
7940
4928
523
5975
3437
6674
3694
4896
3362
2942
9420
330
9177
3737
2724
797
419
510
9976
3055
1173
7217
8391
7424
1628
1257
5066
5569
998
7032
3501
4638
5823
4792
3332
8018
8083
2671
4666
9595
892
390
1836
5397
5630
8953
2673
3740
3266
1864
8444
2617
4396
9871
6510
950
7019
3054
2432
8543
8451
1200
789
8110
7937
5835
4275
1561
9506
5016
8777
1923
387
5069
8107
1696
8927
1802
5775
8231
7362
7411
2822
6832
9015
8306
61
2634
6537
3373
299
3067
7677
1804
1136
3716
7696
4583
1714
1740
3071
3939
7482
2642
9371
628
5434
8177
7334
9808
8580
5429
5062
2412
2457
9691
998
445
8390
6685
1874
1435
7880
2868
2189
9371
49
6085
6926
6913
9362
2693
7211
6385
3980
1397
9390
5144
6077
8541
1626
4243
4170
4330
8507
8046
4119
4582
3417
6396
9821
7997
427
270
6829
4628
2348
6465
2114
7292
9235
6807
1051
3977
2115
2586
8303
5953
5
5508
2753
3277
4391
2320
7874
6615
4240
1418
8022
1959
6374
6280
7991
2633
544
2352
7898
1276
5923
1129
7955
2965
5883
7620
8013
9483
907
5128
4903
3917
5285
4312
6532
4201
1840
1899
5477
4012
327
8069
6358
9507
9433
548
689
801
9263
7736
82
7781
1142
2833
3697
890
4148
5832
8652
8855
3326
532
2739
6968
2802
9231
7246
1503
8109
8675
3935
8139
5977
6985
4313
4806
6555
2803
1192
2336
2563
4689
2269
9437
2253
923
2929
2111
8197
7313
819
1404
1912
3319
7867
7587
5124
4909
6381
3284
2072
5881
4588
2865
3660
8108
3598
500
3529
5128
2106
4672
8103
2826
7397
2660
7580
5569
1171
4534
2458
6079
6590
2521
684
2585
8529
8285
3813
7342
2484
7597
6641
6484
8872
9164
3725
2347
8472
1961
7899
5903
1703
3327
466
8748
9095
8277
78
1209
2829
9036
7483
5557
9541
2601
6322
1074
2734
3331
5912
766
9059
6989
579
7880
6533
2462
1521
4082
4270
7456
1402
127
2756
4878
8909
4172
843
7315
390
2498
665
8059
8322
2337
4521
8449
1851
6749
8354
2979
2947
7040
4970
5541
2800
9096
6339
2496
7017
6183
8425
811
4896
2246
3881
2441
7599
6569
7613
9295
2407
2756
7757
6721
5392
2441
9928
7206
2820
6866
5708
201
2416
7529
7338
8412
9183
482
9291
5665
6919
7510
3995
6582
5792
1468
3372
3648
8362
2297
27
3023
1319
4915
1962
6419
7842
75
2487
2756
5985
4543
2650
9911
1785
7494
6947
3875
1870
5911
4343
9888
9288
2930
5691
7714
7985
9589
5540
1128
5928
2236
1003
9876
4177
4964
2877
927
9426
8892
4523
4649
490
7835
2158
695
4982
2970
6138
7863
1083
7478
6604
1949
663
5824
8395
5714
4290
1317
9551
5483
5673
9925
4908
9601
2944
7899
1307
5007
6873
5752
3738
9513
1550
1307
2420
9041
1391
155
9215
1007
9420
2692
8063
7359
5677
3095
8195
3311
1367
7091
763
767
3861
2192
9207
8600
58
6171
1222
5505
751
6982
5482
4972
6630
102
9425
6064
7345
7294
5341
8177
8669
4180
789
2704
9179
2682
5903
9626
7157
8402
4566
2465
393
2296
8612
722
6484
629
4225
4961
8843
7133
7537
6060
4130
6518
2047
6740
123
9065
3941
526
9112
1878
2657
502
850
3567
3084
7836
813
5623
2718
7973
4049
5554
1735
556
2273
3972
6511
7710
2007
244
7382
4139
4563
9078
9635
1628
4441
3460
2603
27
1332
7732
5550
6554
2323
8283
580
5343
5131
8320
2182
9574
231
7480
239
9221
9616
6692
8332
8482
2557
3598
1978
8314
4242
4102
2104
1104
1449
1173
7474
6517
520
2894
6078
9799
6805
7930
9535
6434
1481
8085
6466
9918
1208
4419
484
2656
8405
5525
5959
3513
5122
3985
36
9351
1453
9781
2515
2087
221
7485
6166
7235
3281
7419
8790
4667
1191
9676
4923
7455
7241
3851
9461
9998
8861
6684
7681
2414
4284
4397
6146
4142
19
6459
6796
6088
5147
2747
2170
7267
1755
6646
3153
8867
6939
2466
1885
5933
687
6775
1570
4469
5726
9717
1776
9635
9926
4185
2542
8948
9211
7869
3091
2916
9123
5598
1302
4356
6112
7147
8198
6835
5462
8763
7672
2085
1348
4987
5426
6070
5929
1073
2681
3428
8623
5270
9581
447
3738
4569
430
7407
4512
7089
7900
2196
4236
9266
6178
8395
663
6215
3642
2711
8163
9183
4124
8587
3196
4934
2054
5101
2602
8015
866
2837
916
8409
5939
1336
2477
3855
3009
5924
6437
8233
552
5259
7952
4872
9901
4766
6817
6342
46
5271
5581
377
4974
639
2810
4949
198
2956
3555
4162
1665
8918
8326
663
4647
6462
3909
9563
2395
6408
4218
3459
4357
9901
7034
8128
1579
8770
2979
3652
2545
2578
6338
6325
6151
3115
3466
2563
9793
4323
3427
7193
9573
3280
7238
5018
6576
5723
6635
6355
7806
7836
626
4349
2923
4540
8275
4310
8225
3363
9121
3072
7451
2111
8447
9405
4950
8042
3193
4898
486
6003
5760
8421
6564
3082
7132
6235
8503
7733
7828
4168
4711
2041
5026
7858
9618
6822
6872
2017
4533
574
466
9905
2345
4988
8305
9770
428
1635
9082
5856
2354
6761
2623
7798
3119
3699
5517
3675
4454
5300
3483
8847
6485
2009
8935
4765
9531
4720
7295
9433
5151
5417
3666
3902
8658
2703
2191
7240
6312
3843
4089
5824
9116
9683
6728
1428
1752
3890
5361
6623
9542
3407
1162
5280
8553
2660
4077
612
3938
145
6653
3086
9462
2312
5488
5833
6766
6345
258
5683
6392
387
6348
3866
3845
7025
6051
1576
3030
3463
5024
2104
6300
9687
5231
3036
5046
4151
2944
9158
7263
5041
566
9103
8854
3996
3992
6561
3571
8336
3025
9900
2424
7302
969
2422
7180
7573
948
9176
4105
3441
690
5211
3523
7403
4612
4496
7947
7658
1845
8327
6539
9995
1534
6979
6497
2943
2217
8616
2595
6653
374
5011
4533
7979
4353
4508
8042
6490
3778
8844
9735
8726
1294
1927
7607
929
3022
5489
8746
3670
6470
8648
3375
5336
9805
5827
9619
5278
4358
262
6566
1558
3046
8339
4110
2704
992
3408
6843
7673
1021
6384
5812
3270
5960
4442
6382
3724
1719
8428
2586
2780
9944
4210
8417
4742
6745
3145
4281
7194
4447
2074
2502
4827
6628
3794
9213
701
2782
4874
1202
8605
7895
8800
5386
7736
3930
8983
5454
8813
4748
7943
4915
8979
3382
6105
8311
1340
705
6073
2652
3867
7543
6007
9306
1481
8055
8761
2469
4671
822
1826
4157
7711
5479
6807
7189
9667
6994
6129
7041
1767
6681
9017
638
5440
8946
8376
5163
6316
5393
5151
2786
872
3402
6972
7847
4009
4600
3479
1471
7836
9727
1545
4877
4210
328
9838
6664
6150
4424
3638
1313
6178
2864
7619
5765
2816
5406
6467
8508
8
744
582
896
8100
2668
6905
3552
9100
5368
2931
1685
3477
4434
5369
1875
465
6595
3556
9488
8983
404
1768
227
1640
2161
3842
1562
26
6191
8164
9768
5521
6283
990
6129
6174
5551
1339
1494
6873
5292
1229
1841
6975
9505
898
8723
6842
649
9860
7597
2343
3964
1097
3866
4227
2197
7535
1202
7552
9948
7050
9216
4821
7002
4681
7841
5364
3006
8481
3977
2603
1626
8492
1842
355
935
6683
2262
9064
8194
9401
7713
2948
1408
2850
9277
9471
7104
6438
8917
3221
3599
8446
5439
7346
1724
3400
5375
7004
420
778
627
948
2938
240
3159
9325
462
9428
3316
8056
3889
6586
2367
2726
1249
1716
1812
7841
7761
6818
1645
505
7897
7862
7303
1103
3972
8595
336
7407
3790
8993
976
2681
609
9270
1736
2817
2370
3684
9907
2310
3467
7091
3429
3980
1639
1176
8959
2722
4545
6602
3181
9308
5482
1942
8412
6277
5344
172
1361
4283
8405
8777
9555
3919
2820
50
3383
5027
2795
4052
2964
2729
8353
7870
8128
7054
301
1318
6685
891
2569
1015
830
9254
1442
1913
4074
1331
1373
7759
1403
5651
31
9739
3479
7847
1051
5594
1686
9959
1536
9871
4537
9987
2785
9663
7580
498
6961
9166
8275
5499
9428
711
4555
5486
6361
9532
762
1611
9903
4463
7498
1260
8586
7023
2534
8949
9075
6854
8399
8464
6357
2426
8515
4378
3430
2010
7814
3738
8278
1500
5665
1549
5443
2410
8628
6948
1886
5530
8079
449
1958
3132
3049
6501
4329
5373
1766
9740
4449
4602
6348
7780
9796
4636
3830
8173
1508
755
3296
2236
5278
175
3282
3871
6409
2031
5781
7183
8773
567
3218
2767
5107
5112
2592
8827
6535
5714
6570
9988
2512
3815
4834
3576
8473
3257
176
471
7406
8062
2954
5162
3285
9950
4386
7604
8832
331
3855
7621
7454
8669
7928
1180
9335
1509
9079
6665
4684
4217
277
8446
2877
560
7529
4490
4891
3577
6223
4553
7800
4919
8707
5555
4349
8803
9900
1174
7679
1033
4953
3368
1085
3185
7975
4599
5414
6947
3650
833
2134
3874
4240
7082
8424
1377
2875
9172
1751
6614
323
7737
5275
6153
6484
2992
2186
758
9755
1771
6618
1466
7088
1503
1109
5227
5103
9337
5771
5830
7908
8458
2309
8572
425
7804
6797
5168
6993
5824
8752
8812
3731
3731
441
7933
9757
8753
9600
1206
6723
3330
768
5699
8332
1863
5309
4620
1504
2709
7856
1101
8696
9390
7381
9661
6497
1691
4397
7576
9073
4242
1898
4242
6312
7484
6555
7789
5560
3489
8421
4728
2761
7006
1934
174
3471
336
8364
3352
6770
9139
11
5500
5372
5121
9445
5032
3409
722
2875
7877
9282
356
5310
9292
4756
2544
6639
7114
3017
7383
1934
5415
7839
4155
6362
1842
3152
4654
4911
1516
7367
8760
9842
5325
9584
194
4210
683
5488
2000
8127
8357
9161
3270
5526
9873
3291
907
3098
6176
4368
2821
9813
9693
1288
1815
4973
8799
5535
2682
5094
5761
8590
8521
5085
6693
7544
6129
7171
4797
3026
4488
1789
6201
4524
4806
8314
1110
6898
5374
9843
1629
8494
9558
5549
1642
5631
677
6114
3416
440
3208
2627
238
9031
5786
6977
4298
4807
7830
2297
4310
7365
8229
5230
7879
863
1544
7972
9542
7018
4402
6904
6523
6940
2379
6384
822
2927
5572
801
7980
6004
9237
5346
48
7536
4445
6126
2672
3543
2507
3214
3984
8485
6083
6047
6028
1244
9362
9140
7817
9770
9458
7555
2810
2445
1271
5743
2593
3602
8442
459
2825
7825
3779
8272
7189
2676
3509
874
9942
2314
1089
6879
7983
5094
7948
7056
8837
6710
476
1104
1893
6665
4876
7931
6361
9964
4084
8166
938
7792
3825
7172
6967
613
8144
9158
9000
4701
8217
8177
4095
8348
2141
9768
3940
7216
7495
7792
1932
9181
2983
4604
731
7812
205
9144
4466
194
1702
6735
3784
9177
6830
6422
1240
2347
2728
6555
9115
11
3644
6962
1733
2318
8279
6557
9533
1275
1389
8498
2764
6852
2903
1138
8498
7638
5066
1909
5853
5599
5704
3013
828
1325
3616
2337
3930
917
307
363
905
8112
796
4008
9333
5612
